9.9997048e+000
1.9999410e+001
2.9999114e+001
3.9998819e+001
4.9998524e+001
5.9998229e+001
6.9997933e+001
7.9997638e+001
9.9997048e+001
1.9999410e+002
2.9999114e+002
3.9998819e+002
4.9998524e+002
5.9998229e+002
6.9997933e+002
7.9997638e+002
8.9997343e+002
9.9997048e+002
1.9999410e+003
2.9999114e+003
3.9998819e+003
4.9998524e+003
5.9998229e+003
6.9997933e+003
7.9997638e+003
8.9997343e+003
9.9997048e+003
1.9999410e+004
2.9999114e+004
3.9788735e+004
7.9577469e+004
1.1140846e+005